1.000000 0.908135 0.913256 0.728896 0.947180 0.933231 0.944191 0.845728 0.926249 0.423079 0.404262
0.908135 1.000000 0.962946 0.589261 0.960060 0.911673 0.951082 0.873144 0.896084 0.396908 0.166458
0.913256 0.962946 1.000000 0.665691 0.978238 0.968437 0.951825 0.928527 0.918219 0.514000 0.145609
0.728896 0.589261 0.665691 1.000000 0.658714 0.647813 0.648386 0.458505 0.724780 0.219851 0.224316
0.947180 0.960060 0.978238 0.658714 1.000000 0.982310 0.984962 0.908663 0.968907 0.566197 0.262167
0.933231 0.911673 0.968437 0.647813 0.982310 1.000000 0.968315 0.938136 0.943013 0.612344 0.265555
0.944191 0.951082 0.951825 0.648386 0.984962 0.968315 1.000000 0.884169 0.953401 0.482298 0.330383
0.845728 0.873144 0.928527 0.458505 0.908663 0.938136 0.884169 1.000000 0.805963 0.577707 0.257062
0.926249 0.896084 0.918219 0.724780 0.968907 0.943013 0.953401 0.805963 1.000000 0.626280 0.334080
0.423079 0.396908 0.514000 0.219851 0.566197 0.612344 0.482298 0.577707 0.626280 1.000000 0.154240
0.404262 0.166458 0.145609 0.224316 0.262167 0.265555 0.330383 0.257062 0.334080 0.154240 1.000000